user	continent	gender
1	2	0
2	3	0
3	1	1
4	2	0
5	2	1
6	2	0
7	2	1
8	5	0
9	1	0
10	2	0
11	1	0
12	2	0
13	1	0
14	2	0
15	1	0
16	2	1
17	2	1
18	2	0
19	2	0
20	2	1
21	2	1
22	2	1
23	2	0
24	2	1
25	2	0
26	2	0
27	1	0
28	4	0
29	1	0
30	3	0
31	2	1
32	2	1
33	7	0
34	2	1
35	2	0
36	2	1
37	4	0
38	5	1
39	2	0
40	1	1
41	2	0
42	5	0
43	2	1
44	2	1
45	1	1
46	2	0
47	1	1
48	2	1
49	2	0
50	2	0
51	2	1
52	2	1
53	2	1
54	2	0
55	2	0
56	1	1
57	2	0
58	2	1
59	1	0
60	2	0
61	2	0
62	2	1
63	2	0
64	2	0
65	2	1
66	2	1
67	2	1
68	2	1
69	2	1
70	2	1
71	2	0
72	2	0
73	2	1
74	2	0
75	2	1
76	2	1
77	2	1
78	1	0
79	2	1
80	2	1
81	2	0
82	1	1
83	1	1
84	1	1
85	2	0
86	2	0
87	2	0
88	2	1
89	2	1
90	5	1
91	2	1
92	1	1
93	5	1
94	2	0
95	2	0
96	2	0
97	1	1
98	1	0
99	2	1
100	2	0
101	2	1
102	1	0
103	1	0
104	2	0
105	3	0
106	2	0
107	2	1
108	2	1
109	1	0
110	1	0
111	2	1
112	2	1
113	5	0
114	2	0
115	2	1
116	2	0
117	2	1
118	2	0
119	2	1
120	2	0
121	2	0
122	2	0
123	5	1
124	2	0
125	2	1
126	1	0
127	2	1
128	1	1
129	2	0
130	2	1
131	2	1
132	2	1
133	2	1
134	2	0
135	2	0
136	1	1
137	2	1
138	2	1
139	1	0
140	2	1
141	2	1
142	1	1
143	2	1
144	2	0
145	2	0
146	2	1
147	2	1
148	2	0
149	2	1
150	2	0
151	2	1
152	2	0
153	2	0
154	2	0
155	2	0
156	2	0
157	1	1
158	1	0
159	2	0
160	2	0
161	2	0
162	1	1
163	3	0
164	2	0
165	1	0
166	2	1
167	2	0
168	2	1
169	1	0
170	1	1
171	2	1
172	2	0
173	2	0
174	5	0
175	2	0
176	2	1
177	2	0
178	7	0
179	1	0
180	2	0
181	2	1
182	3	0
183	2	0
184	2	0
185	1	0
186	2	1
187	2	0
188	2	0
189	1	1
190	2	0
191	1	1
192	2	1
193	2	0
194	2	0
195	2	0
196	2	0
197	2	1
198	2	1
199	1	0
200	1	1
201	2	0
202	2	1
203	3	0
204	2	0
205	2	1
206	2	1
207	2	0
208	2	1
209	2	0
210	2	1
211	2	1
212	2	1
213	2	1
214	2	0
215	2	1
216	2	0
217	1	1
218	2	0
219	2	0
220	2	1
221	2	1
222	1	1
223	2	0
224	2	0
225	5	1
226	2	0
227	2	0
228	2	1
229	2	0
230	2	0
231	2	1
232	2	0
233	2	1
234	1	1
235	2	0
236	2	0
237	2	0
238	2	1
239	2	1
240	3	1
241	2	0
242	2	0
243	2	1
244	2	1
245	2	0
246	4	1
247	2	1
248	2	0
249	1	1
250	3	0
251	2	0
252	2	0
253	2	1
254	2	0
255	2	0
256	2	1
257	2	1
258	2	1
259	2	1
260	1	1
261	2	0
262	2	1
263	2	0
264	2	1
265	2	0
266	2	1
267	3	0
268	2	1
269	2	0
270	2	1
271	2	1
272	2	1
273	2	1
274	2	1
275	2	0
276	2	1
277	2	1
278	2	0
279	2	1
280	2	0
281	1	1
282	4	0
283	2	1
284	2	0
285	2	0
286	1	1
287	2	1
288	2	1
289	1	1
290	1	1
291	2	1
292	2	1
293	2	0
294	2	0
295	2	1
296	2	1
297	2	1
298	1	0
299	2	0
300	2	1
301	2	1
302	1	1
303	2	1
304	2	0
305	2	1
306	2	0
307	2	0
308	2	0
309	2	1
310	2	1
311	1	1
312	2	0
313	2	0
314	2	0
315	1	1
316	2	1
317	2	1
318	2	1
319	1	1
320	2	0
321	5	1
322	2	1
323	2	0
324	2	0
325	2	1
326	2	1
327	2	0
328	1	0
329	2	0
330	2	0
331	2	1
332	2	1
333	3	1
334	2	0
335	2	0
336	2	0
337	2	1
338	2	1
339	5	0
340	6	1
341	2	1
342	2	0
343	2	0
344	2	1
345	1	0
346	2	0
347	3	0
348	2	0
349	2	1
350	2	0
351	2	0
352	3	1
353	1	0
354	2	0
355	2	1
356	2	0
357	1	1
358	2	0
359	2	0
360	2	0
361	1	1
362	2	1
363	2	1
364	1	0
365	2	0
366	2	1
367	1	1
368	4	1
369	2	0
370	1	1
371	1	1
372	2	1
373	1	0
374	2	0
375	2	0
376	2	0
377	2	1
378	2	0
379	2	1
380	2	1
381	1	0
382	5	1
383	1	0
384	2	1
385	1	1
386	1	1
387	3	1
388	3	1
389	2	1
390	2	0
391	2	1
392	2	0
393	4	0
394	4	1
395	2	1
396	1	0
397	2	0
398	2	0
399	2	0
400	1	0
401	2	1
402	1	1
403	2	1
404	2	0
405	1	0
406	1	0
407	2	0
408	2	1
409	2	1
410	2	0
411	2	1
412	3	1
413	2	1
414	2	0
415	2	0
416	2	0
417	5	1
418	2	0
419	4	0
420	1	0
421	2	0
422	2	0
423	2	0
424	2	1
425	2	1
426	2	1
427	2	1
428	2	0
429	1	0
430	2	0
431	2	1
432	3	1
433	2	0
434	2	1
435	2	1
436	4	1
437	1	1
438	2	1
439	2	1
440	2	0
441	2	1
442	2	0
443	2	1
444	2	1
445	2	0
446	1	0
447	2	0
448	2	1
449	2	1
450	2	1
451	5	1
452	2	0
453	2	1
454	3	1
455	2	1
456	2	0
457	2	0
458	2	0
459	2	1
460	2	1
461	2	1
462	2	0
463	2	1
464	2	0
465	7	1
466	2	1
467	4	0
468	2	1
469	2	0
470	2	0
471	2	0
472	2	1
473	1	1
474	4	1
475	2	1
476	2	1
477	5	1
478	2	1
479	1	0
480	1	1
481	2	1
482	2	1
483	2	1
484	1	0
485	2	1
486	2	1
487	1	1
488	1	0
489	1	1
490	2	1
491	2	0
492	1	1
493	2	0
494	6	0
495	2	0
496	2	1
497	2	0
498	2	1
499	2	0
500	1	1
501	2	1
502	2	1
503	2	1
504	2	0
505	2	0
506	2	1
507	1	0
508	2	1
509	2	1
510	2	1
511	2	1
512	2	1
513	1	1
514	2	0
515	2	1
516	2	0
517	2	1
518	3	1
519	2	1
520	2	0
521	2	1
522	2	1
523	2	0
524	2	1
525	2	1
526	2	1
527	5	0
528	2	0
529	4	0
530	2	1
531	2	0
532	2	1
533	2	1
534	2	1
535	2	1
536	4	1
537	2	1
538	2	0
539	3	0
540	2	0
541	2	1
542	2	0
543	4	1
544	2	1
545	2	0
546	1	1
547	2	0
548	2	0
549	1	1
550	2	0
551	2	1
552	2	0
553	1	0
554	1	1
555	1	0
556	2	1
557	2	1
558	1	1
559	2	1
560	2	1
561	2	1
562	2	0
563	5	1
564	2	1
565	2	1
566	2	1
567	2	0
568	2	1
569	2	1
570	2	0
571	1	0
572	2	1
573	2	1
574	2	1
575	1	1
576	3	1
577	1	1
578	2	1
579	2	1
580	1	0
581	1	0
582	2	0
583	2	1
584	2	0
585	2	0
586	2	0
587	2	1
588	2	1
589	1	1
590	2	1
591	2	0
592	2	0
593	2	0
594	1	1
595	2	0
596	4	1
597	2	0
598	2	1
599	2	1
600	2	0
601	2	1
602	2	0
603	4	1
604	2	0
605	1	0
606	2	0
607	2	0
608	2	1
609	2	1
610	2	1
611	2	1
612	2	1
613	2	1
614	2	0
615	2	0
616	2	1
617	2	0
618	2	0
619	2	1
620	2	1
621	2	0
622	2	1
623	2	1
624	2	1
625	1	0
626	1	1
627	1	0
628	1	1
629	2	0
630	2	0
631	1	1
632	2	1
633	1	0
634	2	1
635	2	0
636	2	0
637	2	1
638	1	1
639	7	1
640	2	0
641	2	0
642	2	1
643	2	0
644	2	1
645	2	0
646	2	0
647	2	1
648	2	0
649	2	0
650	2	1
651	2	0
652	2	0
653	2	0
654	5	1
655	2	1
656	5	0
657	4	0
658	2	0
659	2	1
660	2	1
661	2	1
662	2	1
663	2	1
664	5	1
665	2	1
666	1	0
667	5	1
668	1	0
669	2	0
670	2	1
671	2	1
672	2	1
673	2	0
674	2	1
675	1	0
676	2	1
677	2	1
678	2	1
679	2	1
680	2	1
681	1	1
682	5	0
683	7	1
684	2	0
685	1	0
686	2	1
687	2	1
688	2	0
689	2	1
690	2	0
691	2	1
692	2	0
693	1	1
694	2	1
695	2	0
696	2	0
697	2	0
698	2	1
699	5	0
700	2	1
701	2	1
702	1	0
703	2	1
704	2	0
705	2	0
706	2	0
707	2	1
708	2	1
709	1	1
710	1	0
711	2	1
712	2	0
713	2	0
714	1	1
715	2	1
716	2	1
717	1	0
718	2	0
719	1	1
720	2	1
721	2	0
722	2	1
723	2	0
724	2	1
725	7	0
726	2	1
727	2	1
728	2	0
729	2	1
730	2	0
731	2	1
732	2	1
733	2	0
734	2	1
735	2	0
736	2	1
737	2	0
738	1	0
739	3	1
740	1	0
741	2	0
742	2	1
743	2	1
744	3	1
745	2	0
746	2	1
747	2	1
748	2	0
749	4	1
750	1	1
751	2	0
752	2	1
753	2	1
754	2	1
755	2	0
756	2	1
757	2	1
758	2	0
759	1	1
760	2	1
761	2	1
762	2	1
763	1	0
764	2	0
765	2	1
766	2	1
767	2	0
768	2	1
769	2	0
770	2	0
771	2	1
772	1	1
773	2	1
774	2	1
775	2	0
776	2	1
777	2	0
778	2	1
779	2	0
780	2	1
781	1	1
782	2	1
783	1	0
784	2	1
785	2	0
786	2	1
787	2	0
788	2	1
789	2	1
790	2	0
791	2	0
792	5	1
793	2	1
794	3	0
795	2	0
796	2	0
797	3	1
798	4	1
799	1	0
800	2	1
801	2	0
802	2	0
803	2	1
804	2	1
805	2	0
806	2	1
807	2	0
808	2	1
809	2	1
810	2	1
811	2	0
812	1	0
813	2	0
814	2	1
815	2	1
816	4	1
817	2	1
818	1	1
819	1	1
820	2	1
821	2	0
822	1	1
823	2	1
824	2	1
825	2	0
826	2	1
827	1	1
828	2	1
829	4	1
830	2	0
831	2	0
832	2	1
833	2	0
834	2	0
835	1	1
836	7	0
837	2	1
838	2	1
839	2	1
840	5	1
841	2	0
842	3	0
843	2	1
844	1	1
845	2	0
846	2	0
847	2	1
848	1	0
849	2	0
850	2	1
851	2	0
852	2	1
853	3	1
854	2	1
855	2	1
856	2	0
857	2	1
858	1	1
859	2	1
860	5	1
861	2	1
862	2	0
863	2	1
864	2	0
865	2	1
866	2	0
867	2	0
868	2	1
869	5	0
870	2	0
871	2	1
872	2	1
873	2	0
874	2	1
875	2	0
876	2	1
877	2	1
878	2	1
879	2	0
880	2	0
881	2	0
882	2	1
883	2	1
884	1	1
885	2	1
886	2	1
887	2	1
888	1	1
889	2	0
890	1	0
891	2	1
892	2	1
893	4	0
894	2	1
895	2	1
896	2	0
897	2	1
898	2	0
899	2	0
900	3	0
901	4	1
902	7	1
903	2	0
904	2	0
905	4	0
906	2	0
907	2	1
908	2	0
909	2	1
910	2	1
911	2	1
912	2	0
913	4	1
914	2	0
915	5	1
916	2	0
917	1	1
918	1	1
919	2	1
920	2	0
921	1	0
922	2	0
923	2	1
924	3	1
925	2	1
926	4	1
927	2	0
928	2	1
929	2	0
930	1	0
931	2	1
932	1	0
933	2	0
934	2	1
935	2	1
936	2	0
937	2	1
938	2	1
939	2	0
940	1	1
941	2	1
942	2	0
943	1	0
944	1	1
945	2	1
946	2	0
947	2	1
948	1	0
949	1	1
950	1	1
951	1	0
952	2	1
953	2	0
954	2	1
955	2	0
956	2	1
957	2	1
958	2	0
959	2	1
960	2	0
961	3	0
962	2	1
963	2	0
964	2	0
965	2	0
966	2	0
967	1	1
968	2	0
969	2	1
970	2	0
971	2	1
972	2	1
973	2	1
974	2	0
975	2	0
976	2	0
977	2	1
978	1	0
979	2	1
980	2	0
981	2	1
982	1	1
983	2	1
984	2	0
985	1	1
986	2	1
987	2	0
988	2	1
989	2	1
990	2	0
991	2	0
992	2	0
993	2	0
994	2	1
995	2	0
996	2	0
997	2	0
998	1	0
999	2	0
1000	2	0
1001	3	0
1002	1	1
1003	2	0
1004	2	1
1005	1	0
1006	3	1
1007	2	1
1008	2	1
1009	1	1
1010	4	0
1011	4	1
1012	1	1
1013	2	0
1014	1	1
1015	2	0
1016	2	0
1017	2	1
1018	2	0
1019	5	0
1020	2	1
1021	4	0
1022	2	0
1023	2	1
1024	2	0
1025	4	1
1026	2	0
1027	2	1
1028	2	0
1029	2	1
1030	2	1
1031	2	1
1032	1	0
1033	2	1
1034	2	0
1035	3	0
1036	2	0
1037	2	0
1038	1	0
1039	2	1
1040	2	1
1041	3	1
1042	2	0
1043	3	0
1044	2	0
1045	2	0
1046	1	0
1047	2	1
1048	2	0
1049	1	1
1050	2	0
1051	2	1
1052	2	1
1053	2	1
1054	2	0
1055	2	1
1056	2	0
1057	2	0
1058	2	0
1059	2	0
1060	2	1
1061	2	1
1062	2	1
1063	2	1
1064	1	0
1065	2	1
1066	2	0
1067	2	1
1068	1	1
1069	2	1
1070	2	1
1071	2	0
1072	4	1
1073	2	0
1074	5	0
1075	2	1
1076	1	1
1077	2	1
1078	2	0
1079	2	1
1080	1	0
1081	2	1
1082	2	0
1083	2	0
1084	2	0
1085	2	1
1086	2	1
1087	2	0
1088	2	1
1089	2	0
1090	6	1
1091	2	0
1092	1	0
1093	1	1
1094	2	0
1095	1	0
1096	2	1
1097	2	0
1098	1	1
1099	2	1
1100	2	1
1101	2	0
1102	2	1
1103	2	1
1104	2	0
1105	1	1
1106	2	0
1107	2	1
1108	2	1
1109	2	0
1110	2	1
1111	2	0
1112	2	1
1113	2	0
1114	2	0
1115	2	1
1116	1	1
1117	2	0
1118	1	0
1119	2	1
1120	2	1
1121	2	1
1122	2	1
1123	2	1
1124	1	0
1125	2	1
1126	2	0
1127	2	0
1128	2	0
1129	2	1
1130	2	0
1131	2	0
1132	2	1
1133	2	0
1134	4	1
1135	5	1
1136	2	1
1137	2	1
1138	2	1
1139	1	1
1140	2	1
1141	2	0
1142	5	1
1143	2	1
1144	2	1
1145	2	1
1146	2	1
1147	5	0
1148	2	1
1149	2	1
1150	4	1
1151	1	0
1152	2	0
1153	1	1
1154	2	1
1155	1	1
1156	2	1
1157	1	0
1158	1	1
1159	2	0
1160	2	0
1161	2	0
1162	2	0
1163	4	1
1164	2	1
1165	2	0
1166	2	0
1167	2	0
1168	2	1
1169	6	0
1170	2	0
1171	2	1
1172	2	0
1173	2	1
1174	1	0
1175	2	1
1176	4	1
1177	2	0
1178	4	1
1179	5	1
1180	3	0
1181	2	0
1182	2	1
1183	2	0
1184	2	1
1185	2	0
1186	5	0
1187	2	1
1188	2	1
1189	2	1
1190	2	0
1191	2	0
1192	2	1
1193	2	1
1194	2	1
1195	2	1
1196	4	1
1197	2	0
1198	2	0
1199	2	0
1200	2	0
1201	2	0
1202	2	0
1203	1	1
1204	2	0
1205	2	1
1206	2	0
1207	2	1
1208	2	0
1209	2	1
1210	4	1
1211	2	0
1212	2	0
1213	1	1
1214	2	1
1215	2	0
1216	2	1
1217	1	0
1218	2	0
1219	2	0
1220	2	1
1221	5	1
1222	2	0
1223	4	0
1224	2	1
1225	2	1
1226	2	1
1227	2	1
1228	2	0
1229	2	1
1230	2	0
1231	2	0
1232	5	0
1233	2	0
1234	2	1
1235	2	0
1236	2	1
1237	4	1
1238	2	1
1239	3	1
1240	7	1
1241	2	1
1242	2	0
1243	2	1
1244	2	1
1245	3	0
1246	2	1
1247	2	1
1248	2	0
1249	2	0
1250	2	1
1251	2	1
1252	2	0
1253	2	1
1254	3	1
1255	2	0
1256	2	1
1257	2	1
1258	2	0
1259	2	1
1260	1	0
1261	2	0
1262	2	1
1263	1	1
1264	6	0
1265	2	1
1266	2	1
1267	2	1
1268	2	0
1269	2	0
1270	1	0
1271	1	1
1272	2	0
1273	2	1
1274	1	0
1275	4	0
1276	4	1
1277	1	0
1278	2	1
1279	1	0
1280	2	0
1281	2	1
1282	2	1
1283	2	0
1284	2	0
1285	2	1
1286	2	0
1287	1	0
1288	1	1
1289	2	1
1290	1	1
1291	3	1
1292	2	1
1293	2	0
1294	1	1
1295	2	0
1296	2	0
1297	2	1
1298	2	0
1299	2	0
1300	2	0
1301	2	1
1302	2	0
1303	1	0
1304	2	1
1305	1	1
1306	2	0
1307	1	0
1308	2	0
1309	1	1
1310	2	0
1311	3	1
1312	2	1
1313	2	1
1314	2	1
1315	2	0
1316	2	1
1317	1	1
1318	2	1
1319	2	0
1320	4	0
1321	2	0
1322	2	0
1323	2	0
1324	2	0
1325	2	1
1326	2	1
1327	2	1
1328	1	1
1329	2	0
1330	2	0
1331	4	0
1332	1	0
1333	2	0
1334	2	0
1335	2	1
1336	2	0
1337	1	1
1338	2	1
1339	2	1
1340	2	1
1341	2	1
1342	2	0
1343	2	0
1344	2	1
1345	4	0
1346	2	0
1347	2	1
1348	2	1
1349	2	1
1350	2	0
1351	2	1
1352	1	1
1353	1	1
1354	2	0
1355	2	1
1356	2	1
1357	2	0
1358	2	0
1359	2	1
1360	1	1
1361	2	0
1362	2	1
1363	5	0
1364	5	1
1365	2	0
1366	2	1
1367	2	1
1368	1	1
1369	1	1
1370	2	1
1371	2	0
1372	2	1
1373	2	0
1374	2	1
1375	2	0
1376	2	1
1377	2	1
1378	2	1
1379	2	1
1380	2	0
1381	2	1
1382	2	1
1383	1	0
1384	2	0
1385	2	0
1386	2	1
1387	2	1
1388	2	1
1389	1	1
1390	2	0
1391	3	1
1392	2	0
1393	2	1
1394	2	1
1395	1	0
1396	2	0
1397	2	0
1398	2	1
1399	2	0
1400	2	1
1401	2	0
1402	2	0
1403	2	1
1404	2	1
1405	3	1
1406	2	1
1407	2	0
1408	1	1
1409	2	1
1410	1	1
1411	2	0
1412	2	1
1413	2	0
1414	2	0
1415	2	1
1416	2	0
1417	2	0
1418	2	1
1419	1	1
1420	2	1
1421	2	1
1422	2	1
1423	2	0
1424	3	1
1425	2	0
1426	2	1
1427	1	1
1428	7	0
1429	1	0
1430	1	1
1431	2	1
1432	2	0
1433	2	0
1434	2	0
1435	2	1
1436	2	0
1437	2	0
1438	5	1
1439	2	1
1440	2	0
1441	2	1
1442	3	1
1443	2	1
1444	2	1
1445	5	1
1446	7	1
1447	2	0
1448	2	0
1449	6	0
1450	1	0
1451	1	0
1452	2	1
1453	2	1
1454	1	1
1455	2	1
1456	2	1
1457	2	0
1458	2	0
1459	2	0
1460	2	1
1461	2	0
1462	2	1
1463	2	0
1464	1	1
1465	2	0
1466	2	0
1467	2	1
1468	3	0
1469	2	0
1470	2	0
1471	1	1
1472	4	1
1473	2	1
1474	2	0
1475	2	1
1476	2	1
1477	1	1
1478	2	1
1479	2	0
1480	3	0
1481	2	0
1482	2	0
1483	2	0
1484	2	0
1485	2	1
1486	2	0
1487	2	1
1488	1	1
1489	1	0
1490	1	0
1491	1	1
1492	2	1
1493	2	1
1494	1	0
1495	2	1
1496	2	1
1497	2	0
1498	1	1
1499	1	1
1500	2	1
1501	1	0
1502	2	1
1503	2	1
1504	2	0
1505	1	0
1506	2	0
1507	2	1
1508	2	0
1509	2	1
1510	1	0
1511	2	1
1512	1	0
1513	1	0
1514	1	0
1515	2	0
1516	2	1
1517	2	0
1518	2	0
1519	2	0
1520	2	0
1521	1	0
1522	2	1
1523	2	0
1524	2	1
1525	2	0
1526	2	1
1527	2	1
1528	2	1
1529	2	1
1530	3	0
1531	1	1
1532	2	0
1533	2	0
1534	2	1
1535	2	1
1536	2	1
1537	4	1
1538	2	1
1539	1	0
1540	2	1
1541	1	0
1542	2	0
1543	1	1
1544	2	0
1545	3	1
1546	1	0
1547	5	1
1548	2	1
1549	1	0
1550	2	0
1551	2	0
1552	2	1
1553	2	1
1554	1	1
1555	2	0
1556	1	0
1557	1	1
1558	2	0
1559	2	1
1560	2	0
1561	2	1
1562	1	1
1563	2	0
1564	2	0
1565	2	1
1566	3	0
1567	1	1
1568	2	1
1569	3	1
1570	1	0
1571	2	0
1572	2	1
1573	5	0
1574	5	1
1575	2	1
1576	2	0
1577	2	1
1578	5	1
1579	2	1
1580	2	1
1581	2	0
1582	2	1
1583	3	0
1584	2	1
1585	2	0
1586	2	1
1587	2	0
1588	2	0
1589	2	0
1590	2	0
1591	1	0
1592	2	0
1593	1	0
1594	2	1
1595	2	1
1596	4	1
1597	2	1
1598	2	1
1599	2	1
1600	3	1
1601	2	0
1602	4	1
1603	2	0
1604	1	0
1605	2	0
1606	1	1
1607	2	0
1608	1	0
1609	2	1
1610	2	0
1611	2	0
1612	2	1
1613	3	1
1614	2	0
1615	2	0
1616	2	1
1617	2	0
1618	1	1
1619	2	0
1620	5	1
1621	2	0
1622	2	1
1623	1	0
1624	2	0
1625	2	1
1626	2	0
1627	2	0
1628	2	1
1629	4	1
1630	2	1
1631	2	1
1632	2	1
1633	2	1
1634	2	1
1635	2	1
1636	2	1
1637	3	1
1638	2	1
1639	2	0
1640	2	1
1641	3	1
1642	2	1
1643	2	0
1644	2	1
1645	2	1
1646	2	1
1647	5	1
1648	3	1
1649	2	1
1650	2	0
1651	2	0
1652	2	1
1653	1	1
1654	2	1
1655	2	0
1656	1	1
1657	2	0
1658	2	1
1659	2	0
1660	2	1
1661	3	1
1662	2	1
1663	2	0
1664	2	0
1665	2	1
1666	1	1
1667	3	1
1668	1	0
1669	2	1
1670	1	1
1671	2	0
1672	1	0
1673	7	1
1674	2	1
1675	2	1
1676	2	1
1677	2	0
1678	1	0
1679	1	1
1680	1	1
1681	2	1
1682	4	1
1683	2	0
1684	2	0
1685	2	0
1686	2	0
1687	2	0
1688	1	0
1689	2	0
1690	2	1
1691	2	0
1692	2	0
1693	3	1
1694	5	1
1695	2	1
1696	2	0
1697	2	0
1698	2	1
1699	2	1
1700	2	0
1701	2	0
1702	1	0
1703	2	1
1704	2	1
1705	1	1
1706	2	1
1707	2	0
1708	2	0
1709	1	1
1710	2	0
1711	2	1
1712	3	1
1713	2	0
1714	2	1
1715	2	0
1716	2	0
1717	2	1
1718	2	1
1719	2	1
1720	2	1
1721	2	0
1722	2	1
1723	1	0
1724	2	0
1725	2	1
1726	2	1
1727	1	1
1728	2	1
1729	1	0
1730	2	0
1731	3	0
1732	2	1
1733	1	0
1734	1	1
1735	2	1
1736	2	0
1737	2	0
1738	2	1
1739	2	1
1740	2	1
1741	2	1
1742	2	1
1743	2	1
1744	2	0
1745	1	1
1746	2	0
1747	2	0
1748	2	0
1749	2	1
1750	2	0
1751	1	0
1752	2	0
1753	2	1
1754	2	0
1755	2	0
1756	2	1
1757	1	1
1758	5	1
1759	2	0
1760	2	1
1761	3	0
1762	2	0
1763	2	1
1764	2	1
1765	2	1
1766	2	0
1767	2	0
1768	2	1
1769	2	0
1770	2	1
1771	2	0
1772	2	1
1773	3	1
1774	2	0
1775	2	0
1776	2	0
1777	3	1
1778	1	1
1779	2	0
1780	1	1
1781	2	0
1782	1	1
1783	2	0
1784	2	0
1785	2	0
1786	1	1
1787	2	0
1788	2	0
1789	1	0
1790	2	1
1791	2	0
1792	1	0
1793	2	0
1794	2	0
1795	4	0
1796	2	0
1797	2	1
1798	2	0
1799	3	0
1800	2	0
1801	2	1
1802	2	1
1803	2	0
1804	1	0
1805	3	0
1806	2	0
1807	2	0
1808	4	0
1809	2	1
1810	1	1
1811	2	1
1812	2	1
1813	4	0
1814	2	0
1815	2	0
1816	2	0
1817	2	0
1818	2	0
1819	1	1
1820	2	1
1821	2	1
1822	2	0
1823	3	1
1824	2	0
1825	2	0
1826	2	1
1827	2	1
1828	2	1
1829	2	0
1830	2	0
1831	2	0
1832	2	1
1833	2	0
1834	2	0
1835	2	1
1836	2	1
1837	2	0
1838	1	0
1839	2	0
1840	2	0
1841	2	1
1842	1	1
1843	2	1
1844	2	0
1845	1	1
1846	2	0
1847	1	1
1848	2	1
1849	2	0
1850	2	0
1851	2	0
1852	2	0
1853	2	0
1854	2	0
1855	2	1
1856	2	0
1857	2	1
1858	2	0
1859	2	1
1860	2	0
1861	2	0
1862	2	0
1863	2	0
1864	2	1
1865	2	1
1866	2	1
1867	2	0
1868	1	0
1869	1	1
1870	2	1
1871	2	0
1872	2	1
1873	2	0
1874	2	0
1875	2	1
1876	2	1
1877	2	1
1878	2	1
1879	2	1
1880	2	0
1881	2	1
1882	1	1
1883	2	0
1884	2	1
1885	1	0
1886	1	1
1887	1	0
1888	2	1
1889	3	1
1890	2	1
1891	2	1
1892	2	1
1893	5	1
1894	2	1
1895	2	1
1896	2	1
1897	2	1
1898	2	0
1899	2	0
1900	2	1
1901	2	1
1902	2	1
1903	2	0
1904	2	1
1905	2	1
1906	2	1
1907	2	1
1908	2	0
1909	2	0
1910	2	1
1911	1	1
1912	2	0
1913	1	0
1914	2	0
1915	2	0
1916	7	1
1917	2	0
1918	2	0
1919	2	1
1920	2	0
1921	1	0
1922	2	1
1923	2	0
1924	1	1
1925	2	0
1926	5	1
1927	2	0
1928	4	1
1929	2	1
1930	2	0
1931	1	0
1932	2	1
1933	2	1
1934	3	1
1935	2	0
1936	2	0
1937	2	0
1938	2	0
1939	1	1
1940	4	1
1941	7	1
1942	1	0
1943	2	0
1944	1	0
1945	1	0
1946	1	1
1947	2	1
1948	2	1
1949	2	1
1950	2	0
1951	2	0
1952	2	0
1953	2	0
1954	2	0
1955	3	1
1956	2	0
1957	2	0
1958	2	0
1959	2	0
1960	4	1
1961	1	1
1962	2	1
1963	2	1
1964	2	0
1965	2	1
1966	2	1
1967	2	0
1968	2	0
1969	2	1
1970	2	1
1971	1	0
1972	2	1
1973	2	1
1974	1	1
1975	2	0
1976	2	0
1977	2	0
1978	2	1
1979	1	0
1980	2	0
1981	2	1
1982	2	1
1983	2	1
1984	2	0
1985	2	0
1986	2	1
1987	2	0
1988	2	0
1989	2	1
1990	1	0
1991	2	1
1992	2	0
1993	2	0
1994	4	1
1995	1	0
1996	1	0
1997	1	0
1998	2	1
1999	2	0
2000	2	0
2001	2	1
2002	4	1
2003	2	0
2004	2	0
2005	2	0
2006	1	1
2007	1	0
2008	2	0
2009	3	1
2010	2	1
2011	2	0
2012	2	1
2013	1	1
2014	1	1
2015	2	0
2016	2	1
2017	2	1
2018	2	0
2019	2	1
2020	4	1
2021	2	1
2022	2	1
2023	1	0
2024	2	0
2025	2	1
2026	2	1
2027	2	0
2028	2	1
2029	2	0
2030	2	1
2031	2	0
2032	2	0
2033	2	1
2034	2	0
2035	2	1
2036	5	1
2037	2	1
2038	2	1
2039	2	1
2040	2	0
2041	1	0
2042	2	1
2043	5	0
2044	2	1
2045	5	0
2046	2	0
2047	2	1
2048	2	0
2049	2	0
2050	2	1
2051	1	0
2052	1	1
2053	2	0
2054	1	1
2055	2	0
2056	2	1
2057	2	0
2058	2	1
2059	1	0
2060	4	1
2061	2	0
2062	2	1
2063	2	1
2064	2	1
2065	2	1
2066	2	1
2067	2	1
2068	1	1
2069	2	1
2070	2	0
2071	2	0
2072	2	1
2073	2	1
2074	2	0
2075	5	0
2076	2	1
2077	2	0
2078	2	1
2079	2	0
2080	2	1
2081	2	0
2082	2	1
2083	2	0
2084	2	0
2085	2	1
2086	2	0
2087	5	0
2088	2	1
2089	2	0
2090	2	1
2091	2	1
2092	2	0
2093	2	0
2094	2	1
2095	2	1
2096	2	1
2097	7	0
2098	2	0
2099	1	0
2100	3	0
2101	2	0
2102	2	1
2103	1	1
2104	2	0
2105	1	0
2106	2	0
2107	5	1
2108	2	1
2109	2	0
2110	2	1
2111	2	1
2112	2	0
2113	2	0
2114	1	1
2115	1	0
2116	2	0
2117	2	0
2118	2	0
2119	2	1
2120	2	1
2121	2	0
2122	2	1
2123	2	1
2124	2	1
2125	2	1
2126	4	1
2127	2	1
2128	2	1
2129	2	0
2130	2	1
2131	2	1
2132	2	1
2133	2	1
2134	1	0
2135	2	1
2136	2	1
2137	2	1
2138	2	0
2139	1	1
2140	2	1
2141	1	1
2142	2	1
2143	1	0
2144	2	1
2145	2	1
2146	2	0
2147	3	1
2148	3	0
2149	2	0
2150	2	1
2151	2	1
2152	2	0
2153	2	0
2154	3	1
2155	4	1
2156	4	1
2157	1	1
2158	2	0
2159	2	0
2160	2	0
2161	2	1
2162	2	1
2163	2	0
2164	2	1
2165	2	0
2166	2	0
2167	2	1
2168	2	1
2169	2	0
2170	3	0
2171	2	0
2172	2	1
2173	2	1
2174	2	1
2175	2	1
2176	2	0
2177	2	0
2178	2	0
2179	2	1
2180	2	1
2181	3	0
2182	1	1
2183	1	1
2184	2	1
2185	2	0
2186	2	0
2187	2	0
2188	1	1
2189	2	1
2190	2	0
2191	1	1
2192	2	1
2193	1	0
2194	2	0
2195	2	1
2196	2	1
2197	2	0
2198	2	0
2199	2	1
2200	1	0
2201	2	1
2202	1	1
2203	3	1
2204	2	0
2205	2	1
2206	2	1
2207	1	0
2208	2	0
2209	2	1
2210	2	0
2211	2	1
2212	1	1
2213	2	0
2214	2	1
2215	2	1
2216	2	1
2217	2	0
2218	1	0
2219	1	1
2220	3	1
2221	2	0
2222	2	1
2223	1	1
2224	1	1
2225	2	0
2226	1	0
2227	2	1
2228	2	0
2229	5	1
2230	1	0
2231	2	0
2232	1	1
2233	2	1
2234	2	0
2235	2	1
2236	1	0
2237	1	0
2238	7	0
2239	1	0
2240	2	1
2241	2	0
2242	1	0
2243	2	0
2244	1	1
2245	2	0
2246	2	1
2247	2	1
2248	2	0
2249	2	0
2250	1	1
2251	2	0
2252	2	0
2253	2	1
2254	1	1
2255	1	0
2256	1	1
2257	2	0
2258	2	1
2259	2	1
2260	2	1
2261	2	0
2262	2	0
2263	2	0
2264	2	1
2265	2	0
2266	2	0
2267	2	1
2268	2	1
2269	2	0
2270	1	0
2271	2	0
2272	1	1
2273	2	0
2274	2	1
2275	2	1
2276	3	1
2277	1	1
2278	2	1
2279	2	0
2280	2	1
2281	7	0
2282	6	1
2283	1	1
2284	2	1
2285	2	0
2286	2	0
2287	2	0
2288	4	0
2289	2	1
2290	3	0
2291	2	1
2292	2	1
2293	2	0
2294	2	1
2295	2	0
2296	1	1
2297	3	1
2298	2	0
2299	2	0
2300	1	0
2301	2	1
2302	2	0
2303	2	0
2304	2	1
2305	2	1
2306	2	1
2307	2	0
2308	2	0
2309	2	0
2310	1	0
2311	2	1
2312	2	1
2313	1	0
2314	2	0
2315	2	1
2316	2	0
2317	1	0
2318	2	0
2319	2	0
2320	1	0
2321	2	0
2322	3	1
2323	2	0
2324	2	1
2325	2	0
2326	1	1
2327	2	1
2328	2	0
2329	2	0
2330	2	1
2331	2	1
2332	4	0
2333	2	0
2334	3	1
2335	1	0
2336	2	0
2337	2	1
2338	2	0
2339	2	1
2340	2	0
2341	2	1
2342	4	1
2343	3	0
2344	2	1
2345	2	1
2346	2	0
2347	2	1
2348	2	1
2349	4	1
2350	2	0
2351	2	0
2352	2	0
2353	2	0
2354	2	1
2355	2	1
2356	2	1
2357	1	1
2358	2	0
2359	1	0
2360	3	0
2361	2	1
2362	2	0
2363	2	0
2364	1	1
2365	3	1
2366	2	0
2367	2	1
2368	2	1
2369	2	1
2370	1	0
2371	2	1
2372	1	0
2373	2	1
2374	2	1
2375	2	1
2376	2	0
2377	2	0
2378	2	1
2379	2	0
2380	1	1
2381	2	1
2382	1	1
2383	1	1
2384	2	0
2385	2	1
2386	2	1
2387	2	1
2388	3	1
2389	1	0
2390	2	1
2391	2	0
2392	2	1
2393	2	1
2394	2	1
2395	2	1
2396	1	0
2397	1	1
2398	2	0
2399	2	1
2400	2	1
2401	2	0
2402	2	0
2403	2	0
2404	2	1
2405	2	1
2406	2	0
2407	2	1
2408	2	1
2409	1	1
2410	2	0
2411	2	1
2412	2	1
2413	1	0
2414	3	0
2415	2	1
2416	2	1
2417	2	1
2418	2	1
2419	2	0
2420	2	0
2421	2	1
2422	1	1
2423	2	1
2424	1	1
2425	1	1
2426	2	1
2427	1	0
2428	2	0
2429	2	0
2430	2	1
2431	2	1
2432	2	1
2433	2	0
2434	2	1
2435	2	0
2436	2	1
2437	2	1
2438	2	0
2439	2	1
2440	2	1
2441	1	1
2442	1	0
2443	1	0
2444	2	1
2445	1	0
2446	2	1
2447	5	1
2448	2	1
2449	2	0
2450	1	0
2451	2	1
2452	2	1
2453	2	1
2454	2	0
2455	1	1
2456	1	1
2457	1	0
2458	2	1
2459	1	1
2460	2	1
2461	1	1
2462	2	0
2463	2	1
2464	2	1
2465	1	0
2466	2	0
2467	2	1
2468	1	0
2469	2	1
2470	1	0
2471	2	0
2472	1	1
2473	2	1
2474	1	1
2475	2	1
2476	2	1
2477	1	0
2478	2	1
2479	2	1
2480	2	1
2481	2	0
2482	2	0
2483	1	1
2484	2	0
2485	2	0
2486	2	1
2487	2	1
2488	2	1
2489	2	0
2490	2	0
2491	5	1
2492	2	0
2493	2	0
2494	2	0
2495	2	1
2496	1	0
2497	2	0
2498	1	0
2499	2	0
2500	2	0
2501	2	0
2502	2	1
2503	3	0
2504	2	0
2505	2	0
2506	2	0
2507	2	0
2508	2	1
2509	1	0
2510	2	1
2511	2	0
2512	2	0
2513	1	1
2514	2	1
2515	5	1
2516	1	1
2517	2	1
2518	2	1
2519	2	0
2520	2	0
2521	2	1
2522	2	0
2523	2	0
2524	4	0
2525	2	0
2526	2	1
2527	2	0
2528	1	1
2529	2	0
2530	2	1
2531	4	0
2532	2	1
2533	3	0
2534	7	1
2535	2	0
2536	1	0
2537	2	0
2538	2	0
2539	1	1
2540	2	1
2541	2	0
2542	2	1
2543	1	0
2544	4	1
2545	2	1
2546	2	1
2547	2	1
2548	1	1
2549	2	1
2550	2	0
2551	3	0
2552	2	0
2553	2	1
2554	2	1
2555	2	1
2556	2	1
2557	3	1
2558	2	0
2559	3	1
2560	2	0
2561	2	0
2562	2	0
2563	2	1
2564	7	1
2565	2	1
2566	2	0
2567	2	1
2568	2	1
2569	2	0
2570	2	0
2571	2	1
2572	2	0
2573	2	0
2574	1	1
2575	2	0
2576	2	1
2577	1	1
2578	2	1
2579	2	0
2580	2	1
2581	2	0
2582	3	0
2583	2	1
2584	2	0
2585	2	0
2586	2	1
2587	2	0
2588	2	1
2589	2	1
2590	2	1
2591	1	1
2592	2	1
2593	2	0
2594	2	0
2595	2	0
2596	2	0
2597	1	0
2598	4	0
2599	2	0
2600	2	1
2601	1	0
2602	2	1
2603	3	1
2604	2	1
2605	2	0
2606	2	0
2607	4	0
2608	2	0
2609	1	1
2610	1	1
2611	2	0
2612	2	1
2613	2	1
2614	2	0
2615	2	1
2616	2	1
2617	1	1
2618	3	1
2619	1	1
2620	2	0
2621	2	1
2622	2	1
2623	2	1
2624	3	1
2625	2	0
2626	2	1
2627	5	0
2628	2	1
2629	2	0
2630	2	0
2631	2	1
2632	2	1
2633	1	1
2634	2	0
2635	2	1
2636	2	1
2637	2	1
2638	2	1
2639	2	1
2640	2	1
2641	2	0
2642	2	1
2643	2	0
2644	2	1
2645	2	0
2646	2	0
2647	2	0
2648	1	1
2649	2	0
2650	2	0
2651	2	0
2652	2	1
2653	2	0
2654	2	0
2655	2	0
2656	2	0
2657	2	0
2658	2	0
2659	1	1
2660	2	0
2661	2	1
2662	2	1
2663	2	0
2664	1	0
2665	2	0
2666	2	0
2667	1	1
2668	2	1
2669	2	1
2670	4	1
2671	1	0
2672	2	1
2673	3	0
2674	2	0
2675	2	1
2676	2	1
2677	2	1
2678	3	1
2679	2	1
2680	2	0
2681	5	1
2682	2	0
2683	2	1
2684	1	0
2685	1	0
2686	2	1
2687	2	0
2688	2	1
2689	2	1
2690	2	1
2691	2	1
2692	2	1
2693	1	1
2694	2	1
2695	2	0
2696	2	1
2697	2	1
2698	3	1
2699	1	0
2700	1	1
2701	2	1
2702	2	0
2703	2	1
2704	2	0
2705	4	1
2706	2	0
2707	5	0
2708	2	1
2709	2	0
2710	2	0
2711	6	1
2712	2	1
2713	6	0
2714	1	0
2715	2	0
2716	1	0
2717	4	1
2718	2	0
2719	1	1
2720	2	1
2721	1	0
2722	1	1
2723	2	0
2724	2	0
2725	2	0
2726	2	0
2727	1	0
2728	2	1
2729	2	0
2730	2	1
2731	2	0
2732	2	0
2733	2	1
2734	2	1
2735	2	0
2736	2	0
2737	2	0
2738	2	0
2739	2	1
2740	4	0
2741	2	0
2742	2	0
2743	2	1
2744	1	1
2745	1	0
2746	2	1
2747	2	0
2748	2	0
2749	2	0
2750	1	1
2751	1	1
2752	2	0
2753	2	0
2754	2	1
2755	2	1
2756	2	1
2757	1	1
2758	2	1
2759	2	1
2760	5	1
2761	2	1
2762	2	1
2763	2	0
2764	1	0
2765	2	0
2766	2	1
2767	2	0
2768	2	0
2769	2	1
2770	2	1
2771	2	1
2772	2	1
2773	2	0
2774	2	0
2775	2	0
2776	1	0
2777	2	0
2778	1	1
2779	2	1
2780	2	1
2781	2	0
2782	2	1
2783	2	0
2784	2	1
2785	2	1
2786	2	1
2787	2	0
2788	1	1
2789	2	0
2790	2	1
2791	2	1
2792	2	0
2793	3	1
2794	1	1
2795	3	0
2796	2	1
2797	2	0
2798	1	1
2799	2	0
2800	2	1
2801	2	1
2802	2	0
2803	2	1
2804	4	1
2805	2	0
2806	2	1
2807	3	0
2808	1	0
2809	2	0
2810	2	1
2811	1	0
2812	2	0
2813	4	1
2814	2	0
2815	2	0
2816	2	0
2817	2	0
2818	2	1
2819	2	1
2820	2	1
2821	2	0
2822	2	0
2823	2	0
2824	2	1
2825	2	1
2826	2	1
2827	2	0
2828	2	1
2829	2	0
2830	2	1
2831	2	1
2832	2	0
2833	2	1
2834	1	1
2835	2	0
2836	2	0
2837	2	1
2838	2	1
2839	5	1
2840	2	0
2841	1	1
2842	2	0
2843	1	1
2844	2	1
2845	2	1
2846	4	0
2847	7	1
2848	1	0
2849	2	0
2850	2	1
2851	2	0
2852	2	1
2853	2	1
2854	2	1
2855	2	1
2856	2	0
2857	2	1
2858	2	0
2859	2	1
2860	1	1
2861	3	0
2862	2	1
2863	2	1
2864	2	1
2865	2	0
2866	2	1
2867	2	1
2868	2	0
2869	4	0
2870	1	0
2871	2	0
2872	3	1
2873	3	1
2874	2	0
2875	2	0
2876	2	1
2877	1	0
2878	2	1
2879	2	0
2880	2	1
2881	2	1
2882	2	0
2883	2	0
2884	2	0
2885	2	0
2886	2	1
2887	2	1
2888	2	1
2889	2	0
2890	2	1
2891	1	0
2892	2	1
2893	1	1
2894	2	0
2895	2	1
2896	2	1
2897	2	1
2898	2	0
2899	2	1
2900	2	1
2901	3	1
2902	2	0
2903	2	0
2904	2	1
2905	2	1
2906	2	1
2907	2	0
2908	1	0
2909	2	0
2910	2	1
2911	3	0
2912	2	0
2913	2	1
2914	1	1
2915	1	1
2916	1	1
2917	2	1
2918	2	0
2919	1	0
2920	2	0
2921	2	1
2922	2	0
2923	2	1
2924	2	0
2925	1	0
2926	2	0
2927	1	0
2928	3	0
2929	1	1
2930	1	1
2931	2	0
2932	2	0
2933	2	1
2934	2	0
2935	2	1
2936	2	1
2937	1	1
2938	2	0
2939	1	0
2940	2	0
2941	2	0
2942	2	1
2943	1	0
2944	2	1
2945	2	1
2946	2	0
2947	2	1
2948	2	0
2949	2	1
2950	2	1
2951	2	1
2952	2	1
2953	1	0
2954	2	1
2955	1	0
2956	2	1
2957	1	0
2958	2	0
2959	2	0
2960	2	0
2961	2	0
2962	2	1
2963	2	0
2964	2	0
2965	2	0
2966	2	0
2967	1	0
2968	2	1
2969	2	0
2970	2	0
2971	2	0
2972	2	0
2973	2	1
2974	1	1
2975	2	0
2976	2	1
2977	2	0
2978	2	0
2979	2	0
2980	2	0
2981	2	0
2982	2	1
2983	2	1
2984	2	1
2985	2	0
2986	2	1
2987	2	0
2988	1	0
2989	1	0
2990	2	1
2991	2	0
2992	4	0
2993	2	0
2994	2	1
2995	2	0
2996	2	0
2997	2	1
2998	2	1
2999	2	1
3000	5	0
3001	2	0
3002	2	0
3003	2	0
3004	1	1
3005	2	0
3006	2	1
3007	2	1
3008	2	1
3009	1	1
3010	2	1
3011	2	0
3012	2	1
3013	2	0
3014	1	0
3015	2	1
3016	2	1
3017	2	1
3018	5	0
3019	2	1
3020	2	1
3021	1	1
3022	2	0
3023	2	0
3024	2	1
3025	1	1
3026	1	1
3027	2	0
3028	2	0
3029	2	0
3030	2	0
3031	2	0
3032	2	1
3033	2	0
3034	1	1
3035	5	0
3036	2	1
3037	1	0
3038	2	0
3039	2	1
3040	2	1
3041	2	0
3042	2	0
3043	2	0
3044	2	1
3045	2	1
3046	1	0
3047	2	0
3048	2	1
3049	2	1
3050	1	1
3051	2	0
3052	2	1
3053	2	0
3054	2	1
3055	2	1
3056	2	0
3057	2	0
3058	1	0
3059	2	1
3060	2	1
3061	2	1
3062	2	0
3063	2	1
3064	2	0
3065	2	1
3066	2	1
3067	2	0
3068	2	0
3069	2	1
3070	2	0
3071	1	1
3072	2	1
3073	2	0
3074	1	1
3075	2	1
3076	1	0
3077	2	1
3078	2	1
3079	2	0
3080	3	1
3081	1	1
3082	2	1
3083	2	1
3084	2	0
3085	4	0
3086	2	1
3087	2	0
3088	1	1
3089	2	0
3090	2	1
3091	2	0
3092	2	1
3093	2	1
3094	2	1
3095	2	1
3096	1	0
3097	2	0
3098	5	1
3099	2	1
3100	1	1
3101	2	0
3102	2	1
3103	2	1
3104	2	1
3105	2	1
3106	2	1
3107	1	0
3108	5	0
3109	1	1
3110	2	0
3111	2	1
3112	2	1
3113	2	0
3114	5	1
3115	2	1
3116	2	0
3117	2	0
3118	2	1
3119	2	1
3120	2	0
3121	2	1
3122	1	1
3123	2	1
3124	3	0
3125	2	1
3126	1	0
3127	2	0
3128	2	0
3129	1	0
3130	7	0
3131	4	1
3132	1	1
3133	2	0
3134	2	0
3135	2	1
3136	2	1
3137	2	0
3138	2	1
3139	2	1
3140	2	1
3141	2	0
3142	2	0
3143	2	0
3144	1	1
3145	2	1
3146	7	1
3147	2	1
3148	4	0
3149	3	1
3150	1	0
3151	2	1
3152	2	1
3153	2	0
3154	4	1
3155	2	1
3156	7	1
3157	1	0
3158	2	0
3159	2	0
3160	2	1
3161	2	0
3162	2	1
3163	2	0
3164	2	1
3165	2	1
3166	2	0
3167	2	1
3168	2	1
3169	2	1
3170	1	1
3171	1	1
3172	2	1
3173	4	1
3174	2	0
3175	1	0
3176	2	1
3177	2	1
3178	2	0
3179	2	1
3180	2	1
3181	2	1
3182	2	0
3183	2	0
3184	2	0
3185	6	1
3186	2	1
3187	2	1
3188	2	0
3189	1	0
3190	2	1
3191	2	1
3192	2	1
3193	2	1
3194	2	0
3195	2	0
3196	2	1
3197	2	0
3198	2	0
3199	2	0
3200	2	1
3201	2	1
3202	2	1
3203	2	0
3204	2	0
3205	1	1
3206	2	1
3207	1	0
3208	2	1
3209	2	1
3210	2	1
3211	2	1
3212	2	0
3213	2	1
3214	2	0
3215	1	1
3216	2	1
3217	2	1
3218	7	0
3219	2	0
3220	2	1
3221	2	1
3222	2	0
3223	2	0
3224	2	1
3225	1	0
3226	2	1
3227	2	1
3228	2	0
3229	2	1
3230	2	0
3231	2	1
3232	2	1
3233	2	1
3234	2	1
3235	1	0
3236	2	1
3237	2	1
3238	2	1
3239	2	0
3240	4	1
3241	2	1
3242	2	1
3243	2	0
3244	2	1
3245	2	1
3246	2	1
3247	1	0
3248	2	0
3249	2	1
3250	2	1
3251	2	0
3252	1	0
3253	2	1
3254	4	1
3255	2	1
3256	2	0
3257	2	0
3258	1	1
3259	2	1
3260	2	1
3261	1	0
3262	2	1
3263	2	1
3264	2	1
3265	5	1
3266	2	1
3267	1	1
3268	2	1
3269	4	0
3270	2	1
3271	2	0
3272	4	0
3273	2	1
3274	2	1
3275	2	1
3276	2	0
3277	2	1
3278	2	1
3279	1	0
3280	2	0
3281	2	0
3282	7	0
3283	3	0
3284	7	0
3285	2	1
3286	2	0
3287	2	1
3288	3	0
3289	2	0
3290	1	1
3291	4	1
3292	2	1
3293	1	1
3294	2	1
3295	1	0
3296	2	1
3297	2	0
3298	1	0
3299	2	1
3300	1	1
3301	2	0
3302	1	0
3303	1	1
3304	2	0
3305	2	1
3306	1	0
3307	2	0
3308	2	0
3309	2	1
3310	2	0
3311	1	0
3312	3	0
3313	1	0
3314	1	1
3315	2	1
3316	2	0
3317	1	1
3318	2	1
3319	2	1
3320	2	0
3321	2	0
3322	2	0
3323	2	1
3324	2	0
3325	2	1
3326	3	0
3327	2	1
3328	2	0
3329	2	1
3330	2	0
3331	2	1
3332	1	0
3333	2	1
3334	4	0
3335	2	0
3336	2	1
3337	1	1
3338	2	0
3339	2	0
3340	2	0
3341	2	1
3342	2	0
3343	2	1
3344	2	0
3345	2	1
3346	2	0
3347	1	0
3348	2	0
3349	2	0
3350	1	0
3351	2	1
3352	2	1
3353	2	1
3354	2	0
3355	2	1
3356	2	1
3357	2	1
3358	2	0
3359	2	1
3360	2	0
3361	2	1
3362	2	1
3363	2	1
3364	5	1
3365	2	1
3366	5	1
3367	2	0
3368	1	0
3369	2	0
3370	2	0
3371	2	1
3372	2	0
3373	2	1
3374	2	1
3375	4	0
3376	2	0
3377	2	1
3378	2	1
3379	2	1
3380	2	1
3381	1	1
3382	2	0
3383	2	1
3384	5	1
3385	1	1
3386	2	1
3387	2	0
3388	2	1
3389	2	0
3390	2	1
3391	2	0
3392	1	0
3393	2	1
3394	4	0
3395	2	0
3396	2	1
3397	2	1
3398	1	0
3399	2	0
3400	2	1
3401	2	1
3402	2	0
3403	2	1
3404	2	0
3405	2	0
3406	2	0
3407	2	0
3408	1	0
3409	2	1
3410	2	0
3411	2	0
3412	2	0
3413	2	0
3414	1	0
3415	2	1
3416	2	0
3417	2	0
3418	1	0
3419	2	0
3420	1	0
3421	2	1
3422	2	1
3423	2	1
3424	2	1
3425	2	1
3426	5	1
3427	1	1
3428	2	1
3429	2	0
3430	1	0
3431	1	0
3432	2	0
3433	2	0
3434	2	0
3435	2	1
3436	5	0
3437	2	1
3438	2	1
3439	2	1
3440	2	0
3441	2	0
3442	2	1
3443	1	1
3444	3	1
3445	2	0
3446	1	1
3447	2	0
3448	1	0
3449	1	1
3450	2	1
3451	4	1
3452	6	1
3453	2	1
3454	2	1
3455	2	0
3456	2	0
3457	2	0
3458	2	1
3459	2	1
3460	2	1
3461	2	0
3462	2	1
3463	1	0
3464	4	0
3465	1	1
3466	1	1
3467	2	1
3468	2	1
3469	4	0
3470	2	1
3471	7	0
3472	2	0
3473	2	0
3474	1	0
3475	2	0
3476	2	0
3477	2	1
3478	5	0
3479	1	0
3480	2	0
3481	2	1
3482	2	1
3483	2	1
3484	2	1
3485	2	1
3486	3	0
3487	2	1
3488	2	1
3489	2	1
3490	2	1
3491	2	1
3492	3	1
3493	1	1
3494	2	0
3495	2	0
3496	2	0
3497	1	0
3498	2	0
3499	2	0
3500	2	0
3501	2	0
3502	2	1
3503	2	0
3504	1	1
3505	2	1
3506	2	0
3507	2	1
3508	2	1
3509	2	0
3510	2	1
3511	1	1
3512	2	1
3513	2	1
3514	2	1
3515	2	1
3516	2	1
3517	2	0
3518	3	0
3519	2	0
3520	2	0
3521	1	1
3522	2	0
3523	2	0
3524	5	0
3525	2	0
3526	2	0
3527	3	1
3528	1	1
3529	2	0
3530	2	1
3531	2	0
3532	2	0
3533	2	0
3534	2	1
3535	2	0
3536	2	0
3537	4	1
3538	2	1
3539	2	0
3540	2	1
3541	5	1
3542	2	0
3543	2	0
3544	2	1
3545	2	1
3546	1	1
3547	2	0
3548	2	0
3549	2	0
3550	2	1
3551	2	1
3552	2	1
3553	2	0
3554	2	0
3555	2	0
3556	2	1
3557	2	0
3558	4	1
3559	2	1
3560	2	1
3561	2	1
3562	2	1
3563	2	0
3564	2	0
3565	1	0
3566	2	0
3567	4	1
3568	2	0
3569	2	0
3570	2	1
3571	5	1
3572	2	0
3573	2	1
3574	2	1
3575	2	0
3576	1	0
3577	2	1
3578	2	0
3579	2	0
3580	2	0
3581	2	1
3582	2	1
3583	2	1
3584	1	0
3585	1	1
3586	2	0
3587	2	0
3588	2	1
3589	2	1
3590	2	1
3591	2	0
3592	2	0
3593	4	0
3594	2	0
3595	2	1
3596	2	1
3597	4	1
3598	2	1
3599	2	1
3600	2	1
3601	2	1
3602	2	0
3603	2	1
3604	2	1
3605	2	0
3606	2	0
3607	2	0
3608	2	1
3609	2	0
3610	2	1
3611	2	1
3612	2	0
3613	2	1
3614	2	0
3615	1	0
3616	2	0
3617	2	0
3618	2	1
3619	1	0
3620	2	1
3621	2	1
3622	1	1
3623	1	0
3624	2	1
3625	1	0
3626	2	0
3627	2	1
3628	6	1
3629	2	0
3630	2	0
3631	1	0
3632	2	0
3633	2	1
3634	2	0
3635	2	0
3636	2	1
3637	2	1
3638	1	1
3639	2	1
3640	6	1
3641	2	1
3642	2	0
3643	1	0
3644	2	1
3645	1	1
3646	5	0
3647	2	1
3648	2	1
3649	2	1
3650	2	0
3651	3	0
3652	1	1
3653	1	1
3654	2	0
3655	2	1
3656	2	1
3657	2	0
3658	2	1
3659	2	1
3660	2	1
3661	2	0
3662	1	0
3663	1	0
3664	2	1
3665	2	0
3666	2	1
3667	2	1
3668	7	0
3669	2	1
3670	2	0
3671	1	0
3672	2	1
3673	2	0
3674	2	1
3675	1	1
3676	2	0
3677	1	1
3678	2	0
3679	2	1
3680	2	1
3681	1	1
3682	2	1
3683	2	0
3684	2	1
3685	2	0
3686	2	0
3687	2	1
3688	4	0
3689	2	0
3690	3	0
3691	2	0
3692	2	0
3693	2	0
3694	1	0
3695	2	0
3696	2	1
3697	2	1
3698	1	1
3699	2	1
3700	2	0
3701	1	1
3702	2	1
3703	1	1
3704	2	1
3705	2	1
3706	1	1
3707	5	0
3708	2	1
3709	3	1
3710	2	0
3711	1	0
3712	2	1
3713	2	0
3714	2	0
3715	2	1
3716	2	0
3717	2	0
3718	2	1
3719	1	1
3720	2	1
3721	3	1
3722	2	1
3723	2	0
3724	2	0
3725	1	1
3726	2	1
3727	2	1
3728	2	1
3729	2	1
3730	2	0
3731	2	0
3732	7	1
3733	1	0
3734	1	0
3735	1	1
3736	2	0
3737	2	1
3738	1	1
3739	2	0
3740	1	0
3741	2	0
3742	2	1
3743	2	1
3744	2	0
3745	1	1
3746	2	0
3747	5	0
3748	2	1
3749	3	0
3750	2	0
3751	2	0
3752	2	1
3753	2	1
3754	1	0
3755	2	1
3756	2	1
3757	2	0
3758	2	1
3759	2	1
3760	7	1
3761	2	1
3762	1	0
3763	2	1
3764	2	1
3765	2	0
3766	2	0
3767	1	0
3768	2	0
3769	2	1
3770	1	0
3771	2	0
3772	2	0
3773	2	0
3774	2	1
3775	2	1
3776	2	1
3777	4	1
3778	2	1
3779	1	1
3780	2	1
3781	1	0
3782	2	0
3783	2	1
3784	2	1
3785	2	0
3786	2	1
3787	2	0
3788	2	0
3789	2	1
3790	2	0
3791	2	0
3792	1	1
3793	3	0
3794	1	1
3795	2	1
3796	2	1
3797	2	1
3798	2	1
3799	2	0
3800	2	0
3801	2	1
3802	2	1
3803	2	0
3804	1	1
3805	2	1
3806	2	0
3807	2	0
3808	2	1
3809	1	1
3810	1	1
3811	2	0
3812	2	1
3813	2	1
3814	2	0
3815	2	1
3816	2	0
3817	2	1
3818	2	1
3819	2	0
3820	2	0
3821	1	1
3822	1	1
3823	1	0
3824	2	1
3825	2	0
3826	2	0
3827	5	1
3828	2	1
3829	2	0
3830	2	1
3831	2	1
3832	2	0
3833	2	0
3834	6	1
3835	1	1
3836	1	1
3837	2	1
3838	3	1
3839	1	0
3840	4	1
3841	2	1
3842	2	0
3843	3	0
3844	2	1
3845	2	0
3846	2	0
3847	2	1
3848	2	0
3849	1	1
3850	2	0
3851	4	0
3852	2	0
3853	2	1
3854	4	1
3855	2	1
3856	7	1
3857	2	0
3858	1	1
3859	2	0
3860	2	1
3861	2	1
3862	5	1
3863	1	0
3864	2	1
3865	2	1
3866	5	1
3867	2	1
3868	2	0
3869	2	0
3870	5	0
3871	2	0
3872	5	1
3873	2	0
3874	2	1
3875	1	0
3876	2	0
3877	2	0
3878	2	1
3879	2	1
3880	3	0
3881	2	0
3882	2	1
3883	2	1
3884	2	0
3885	2	0
3886	2	1
3887	2	1
3888	2	0
3889	2	0
3890	2	0
3891	4	1
3892	2	1
3893	1	0
3894	2	0
3895	2	0
3896	2	0
3897	1	1
3898	2	0
3899	2	1
3900	2	1
3901	2	0
3902	2	1
3903	2	0
3904	2	1
3905	1	0
3906	2	0
3907	1	0
3908	1	0
3909	2	0
3910	2	0
3911	2	0
3912	1	1
3913	2	1
3914	2	1
3915	2	1
3916	2	0
3917	2	0
3918	2	0
3919	2	1
3920	2	1
3921	4	1
3922	2	0
3923	2	0
3924	2	1
3925	2	0
3926	2	1
3927	2	0
3928	3	0
3929	7	1
3930	2	1
3931	1	0
3932	2	1
3933	5	0
3934	2	1
3935	2	0
3936	2	1
3937	2	0
3938	2	1
3939	5	1
3940	4	0
3941	1	1
3942	2	1
3943	2	1
3944	2	0
3945	4	0
3946	2	1
3947	1	1
3948	2	1
3949	1	1
3950	2	0
3951	4	0
3952	1	0
3953	5	1
3954	1	1
3955	2	1
3956	2	0
3957	1	0
3958	4	0
3959	2	0
3960	2	0
3961	3	1
3962	1	0
3963	2	0
3964	4	1
3965	2	0
3966	2	0
3967	2	1
3968	2	1
3969	2	0
3970	2	1
3971	2	1
3972	2	1
3973	1	1
3974	2	1
3975	2	1
3976	2	1
3977	2	1
3978	2	1
3979	2	1
3980	2	0
3981	2	0
3982	2	1
3983	2	1
3984	2	1
3985	2	1
3986	2	0
3987	2	1
3988	1	1
3989	5	1
3990	3	1
3991	2	1
3992	2	1
3993	2	1
3994	2	0
3995	2	0
3996	2	1
3997	2	0
3998	2	1
3999	2	0
4000	2	0
4001	2	0
4002	2	1
4003	1	1
4004	2	0
4005	2	1
4006	2	1
4007	2	1
4008	2	1
4009	1	0
4010	2	1
4011	1	1
4012	2	0
4013	2	1
4014	2	1
4015	3	1
4016	2	1
4017	2	0
4018	2	1
4019	2	0
4020	4	1
4021	2	1
4022	1	0
4023	2	1
4024	2	0
4025	1	1
4026	3	1
4027	2	1
4028	1	1
4029	2	0
4030	4	1
4031	2	1
4032	2	0
4033	2	0
4034	2	1
4035	2	0
4036	2	1
4037	2	0
4038	1	1
4039	2	1
4040	2	1
4041	2	1
4042	2	0
4043	2	1
4044	2	1
4045	2	0
4046	2	0
4047	1	1
4048	2	1
4049	2	1
4050	1	1
4051	5	0
4052	2	1
4053	2	0
4054	2	1
4055	2	1
4056	2	0
4057	2	0
4058	2	1
4059	2	0
4060	3	1
4061	2	1
4062	2	1
4063	2	1
4064	2	1
4065	1	0
4066	2	0
4067	2	0
4068	2	0
4069	2	0
4070	2	1
4071	2	0
4072	2	1
4073	2	1
4074	2	0
4075	2	1
4076	2	1
4077	2	0
4078	2	1
4079	1	1
4080	1	0
4081	2	1
4082	2	1
4083	1	0
4084	2	0
4085	1	1
4086	2	0
4087	2	0
4088	2	1
4089	2	1
4090	2	0
4091	2	0
4092	2	0
4093	2	1
4094	2	0
4095	1	0
4096	1	1
4097	2	1
4098	2	1
4099	1	1
4100	2	1
4101	2	1
4102	2	1
4103	2	0
4104	1	1
4105	1	1
4106	1	1
4107	5	1
4108	2	1
4109	2	1
4110	2	0
4111	2	1
4112	7	0
4113	2	0
4114	2	1
4115	2	1
4116	2	1
4117	1	1
4118	1	0
4119	1	0
4120	2	1
4121	2	1
4122	2	1
4123	2	0
4124	2	0
4125	2	1
4126	2	0
4127	1	1
4128	1	0
4129	2	0
4130	2	0
4131	1	0
4132	2	1
4133	2	1
4134	2	0
4135	2	1
4136	3	1
4137	2	0
4138	3	0
4139	4	0
4140	4	0
4141	2	0
4142	1	1
4143	2	1
4144	2	1
4145	2	1
4146	2	1
4147	2	1
4148	1	1
4149	2	1
4150	2	1
4151	3	1
4152	1	1
4153	4	1
4154	3	1
4155	2	1
4156	2	0
4157	1	0
4158	2	0
4159	2	0
4160	1	0
4161	2	0
4162	2	0
4163	2	1
4164	2	1
4165	2	1
4166	2	0
4167	2	1
4168	2	1
4169	4	0
4170	2	1
4171	2	1
4172	2	0
4173	2	0
4174	2	1
4175	2	0
4176	1	1
4177	2	1
4178	2	1
4179	7	0
4180	2	1
4181	2	1
4182	2	1
4183	2	1
4184	4	0
4185	2	0
4186	2	1
4187	2	0
4188	2	1
4189	5	0
4190	3	1
4191	2	0
4192	1	0
4193	2	1
4194	2	1
4195	1	0
4196	2	1
4197	3	1
4198	2	0
4199	2	1
4200	2	1
4201	2	1
4202	2	0
4203	2	0
4204	2	1
4205	1	1
4206	2	1
4207	2	0
4208	2	0
4209	4	1
4210	2	1
4211	2	1
4212	2	1
4213	2	1
4214	2	1
4215	2	1
4216	2	0
4217	3	1
4218	1	0
4219	2	1
4220	2	0
4221	2	1
4222	2	1
4223	2	0
4224	2	1
4225	2	1
4226	2	1
4227	2	1
4228	1	0
4229	2	1
4230	2	1
4231	2	1
4232	7	1
4233	2	1
4234	3	1
4235	2	1
4236	2	0
4237	2	1
4238	2	0
4239	2	1
4240	2	1
4241	2	0
4242	2	1
4243	2	1
4244	2	1
4245	2	1
4246	2	1
4247	1	1
4248	2	0
4249	1	0
4250	1	1
4251	1	1
4252	2	0
4253	2	1
4254	3	0
4255	1	1
4256	2	0
4257	2	1
4258	2	0
4259	4	1
4260	2	1
4261	6	0
4262	1	1
4263	2	0
4264	2	1
4265	2	0
4266	1	1
4267	2	1
4268	1	1
4269	1	1
4270	2	0
4271	2	0
4272	2	1
4273	2	1
4274	3	1
4275	2	0
4276	2	1
4277	2	1
4278	3	1
4279	2	0
4280	2	1
4281	2	1
4282	2	0
4283	2	1
4284	2	1
4285	1	1
4286	2	0
4287	1	1
4288	2	0
4289	2	0
4290	2	1
4291	2	1
4292	2	0
4293	2	1
4294	2	1
4295	2	0
4296	2	0
4297	2	1
4298	2	0
4299	2	1
4300	2	0
4301	2	0
4302	2	1
4303	2	1
4304	5	0
4305	5	0
4306	1	1
4307	4	0
4308	2	1
4309	2	1
4310	2	0
4311	2	1
4312	2	0
4313	2	0
4314	2	0
4315	2	1
4316	1	1
4317	2	1
4318	2	1
4319	2	0
4320	2	0
4321	2	1
4322	2	1
4323	2	1
4324	2	1
4325	5	1
4326	3	0
4327	4	1
4328	2	1
4329	2	0
4330	2	0
4331	2	0
4332	2	0
4333	1	0
4334	3	1
4335	2	1
4336	2	1
4337	2	1
4338	2	0
4339	2	1
4340	2	0
4341	3	1
4342	2	0
4343	2	1
4344	2	1
4345	1	0
4346	2	1
4347	2	1
4348	2	1
4349	2	1
4350	1	1
4351	2	1
4352	2	0
4353	1	1
4354	2	1
4355	2	0
4356	2	1
4357	2	1
4358	2	1
4359	1	1
4360	3	1
4361	2	0
4362	1	1
4363	2	1
4364	2	0
4365	2	1
4366	1	1
4367	1	0
4368	4	1
4369	1	0
4370	1	1
4371	2	1
4372	2	1
4373	2	1
4374	2	1
4375	2	1
4376	4	1
4377	2	1
4378	1	1
4379	2	0
4380	2	1
4381	1	1
4382	2	0
4383	2	0
4384	1	0
4385	2	1
4386	1	1
4387	3	0
4388	2	1
4389	2	1
4390	2	1
4391	2	1
4392	2	0
4393	2	0
4394	2	1
4395	2	0
4396	2	1
4397	5	1
4398	1	0
4399	2	1
4400	2	1
4401	2	1
4402	2	0
4403	2	1
4404	1	1
4405	2	0
4406	2	0
4407	2	0
4408	3	1
4409	2	0
4410	2	0
4411	2	0
4412	2	0
4413	2	1
4414	1	0
4415	2	1
4416	2	0
4417	3	1
4418	4	1
4419	1	0
4420	2	0
4421	2	1
4422	1	1
4423	2	0
4424	2	1
4425	1	1
4426	2	1
4427	2	0
4428	2	0
4429	2	1
4430	2	1
4431	2	1
4432	1	0
4433	2	1
4434	2	0
4435	1	0
4436	2	1
4437	1	0
4438	2	0
4439	2	1
4440	2	1
4441	1	0
4442	1	0
4443	2	1
4444	2	0
4445	1	0
4446	2	1
4447	2	0
4448	5	1
4449	2	1
4450	2	1
4451	2	1
4452	2	0
4453	1	0
4454	5	0
4455	2	1
4456	1	1
4457	2	1
4458	2	0
4459	2	1
4460	2	1
4461	2	1
4462	2	1
4463	2	1
4464	2	0
4465	2	0
4466	2	1
4467	2	1
4468	2	1
4469	2	0
4470	2	0
4471	2	0
4472	2	1
4473	2	0
4474	2	1
4475	2	1
4476	2	0
4477	2	0
4478	2	0
4479	2	0
4480	2	1
4481	2	1
4482	2	1
4483	2	1
4484	2	1
4485	2	0
4486	1	1
4487	2	0
4488	2	1
4489	2	0
4490	2	1
4491	2	1
4492	2	1
4493	2	1
4494	2	1
4495	2	1
4496	2	0
4497	2	1
4498	1	1
4499	2	0
4500	2	1
4501	2	1
4502	1	1
4503	3	1
4504	2	1
4505	2	1
4506	2	0
4507	5	0
4508	2	1
4509	2	1
4510	4	0
4511	2	0
4512	2	1
4513	2	0
4514	2	0
4515	2	0
4516	3	0
4517	1	1
4518	1	0
4519	2	0
4520	1	1
4521	2	0
4522	2	0
4523	2	1
4524	2	0
4525	2	0
4526	3	0
4527	2	1
4528	2	0
4529	2	1
4530	2	1
4531	2	1
4532	2	1
4533	2	1
4534	2	0
4535	2	1
4536	2	1
4537	1	1
4538	2	0
4539	1	1
4540	2	1
4541	2	0
4542	2	1
4543	1	0
4544	3	0
